0.186005	0.123865	0.102685	0.072940	0.063780	0.062670	0.059145	0.084525	0.058920	0.055935	0.057465	0.057290	0.059205	0.057310	0.054910	0.057945	0.054735	0.064355	0.090105	0.067925	0.060825	0.066425	0.093150	0.080760	0.108735	0.069285	0.065550	0.100520	0.062435	0.094845	0.078795	0.082485	0.080565	0.064065	0.066195	
0.065640	0.354315	0.471825	0.689910	0.847635	0.958375	0.912240	1.116615	1.403440	1.450640	1.291070	1.743250	2.378280	2.226285	2.169065	2.655510	2.211555	1.869370	2.043095	2.175735	2.196520	2.256275	2.412710	2.502605	2.651785	2.737365	2.761425	2.882020	3.078695	3.159175	3.217835	3.363145	3.566770	3.491370	3.710620	
0.045485	0.318225	0.541520	0.756530	0.987905	1.157045	1.625745	2.009625	1.745900	2.066105	2.444685	2.355735	2.586660	2.967495	3.089390	3.123275	3.442785	3.574720	4.363140	3.970750	4.188000	4.346085	4.532155	4.938155	5.293540	5.508375	5.363050	5.594345	5.829370	6.054530	6.456175	6.439015	6.821265	6.822970	7.135950	
0.041005	0.423315	0.756625	1.029240	1.372945	1.628505	2.009200	2.340760	2.524675	2.980650	3.181100	3.498855	3.785920	4.028875	4.319465	4.657845	4.950065	5.300960	5.557865	5.941950	6.443255	6.540150	6.840340	7.107070	7.542140	7.640090	8.074470	8.455065	8.697540	8.982945	9.551770	9.843475	10.035025	10.576220	10.674885	
0.043385	0.525165	0.929465	1.324270	1.714015	2.155605	2.554145	2.897465	3.317795	3.891295	4.215465	4.813200	4.930635	5.520575	5.784410	6.287860	6.872375	7.100145	7.900245	7.977740	8.378955	8.602705	9.115615	9.430765	9.910715	10.554930	10.923445	11.172810	11.784230	12.218250	12.293245	12.755675	13.456375	13.495360	14.057500	
0.043755	0.621560	1.177980	1.710390	2.132660	2.640690	3.336275	3.644930	4.195105	4.640205	5.180955	5.629025	6.373270	6.665795	7.192205	7.752990	8.219500	8.770565	9.395870	9.804750	10.320185	10.744545	11.298555	11.839705	12.219870	12.688815	13.408025	13.835695	14.751930	14.899860	15.697350	15.785825	16.532885	17.035850	17.312585	
0.040800	0.743090	1.401980	1.937630	2.513405	3.138585	3.759310	4.348315	5.086830	5.510740	6.280245	6.945915	7.343745	8.089165	8.696240	9.356895	9.872635	10.406680	17.995560	12.302910	13.215705	13.940120	14.813320	14.347250	14.999340	15.725900	15.933940	16.675405	17.456630	17.906110	18.541075	19.231040	19.848355	20.307540	21.051605	
0.042270	0.837725	1.588515	2.344075	3.000080	3.767855	4.360130	5.282355	5.924245	6.668950	7.551930	8.128980	8.948130	9.435925	10.128725	10.834510	11.725645	12.797440	12.947285	13.576465	14.558135	15.120805	15.694065	16.442620	17.163080	17.897405	19.067490	19.628720	20.225015	21.302190	21.981095	23.492170	24.486905	23.756320	24.650920	
0.043150	0.964445	1.796335	2.645025	3.452010	4.224045	5.128150	6.130850	6.629945	7.464320	8.486685	9.426160	10.018280	11.014165	11.611190	12.747370	13.527085	14.226275	15.239760	15.492440	16.604755	17.410015	18.647250	18.876025	20.241395	20.621175	21.319325	23.777735	22.933740	24.267950	24.900255	26.511420	26.918390	35.609155	35.228385	
0.057520	1.379345	3.118135	3.323325	5.394965	5.766775	5.870855	7.274125	8.457045	9.714645	10.388560	10.572640	11.367100	12.545735	13.749220	14.137640	15.265360	16.074980	17.238985	17.830555	18.812065	19.591545	20.750670	21.452280	22.813205	23.530125	24.167200	25.640990	26.407355	27.485430	28.443975	29.129860	29.938005	30.676980	36.067975	
0.044380	1.230175	2.275300	3.822215	4.419505	5.530270	7.109525	7.815465	9.841785	11.415200	16.680095	17.250145	13.069760	13.866860	14.896325	16.432890	29.565875	20.470225	19.088135	19.831830	21.311965	21.913095	22.765625	29.902555	30.084370	26.441910	27.544210	28.119255	28.856265	30.119845	30.792090	32.492105	33.584510	34.839820	36.132560	
0.041860	1.304095	2.440525	3.638225	4.595730	5.789245	6.774455	8.250045	9.153865	10.731260	11.932075	12.522705	13.822345	17.646815	20.336530	24.952525	22.251970	20.042915	23.212940	22.305295	23.292445	24.168495	25.076780	26.698730	27.721320	28.714405	29.734825	30.822620	32.225405	38.230785	36.799395	36.513820	36.903635	37.797360	39.387310	
0.042200	1.370435	2.763055	4.285100	6.118905	7.005775	12.530800	12.548260	13.023775	15.201425	13.175775	13.998980	14.959035	16.026845	17.545045	19.791835	20.499235	22.114950	22.576115	24.152045	25.666515	26.157240	27.617840	29.070600	30.655180	31.398885	38.054930	41.398220	37.340150	43.902685	45.795420	39.601900	40.779200	44.205940	43.466605	
0.042110	1.451135	2.748505	4.189950	5.875550	7.091715	8.467865	9.655100	10.961450	12.805385	14.469855	15.399580	16.541920	17.583535	18.682015	20.292215	21.951935	24.284420	34.079415	26.721890	27.479650	29.571405	30.215245	31.565630	32.600490	34.521405	34.890070	45.338595	44.976870	40.782410	41.029430	42.749335	43.647835	45.475540	46.257780	
0.046220	1.598410	3.138800	4.766840	5.814035	7.624265	9.587565	10.696870	12.071220	14.178265	16.859400	15.981700	17.373235	19.123375	20.575495	22.722230	23.197970	25.061570	26.843780	27.863795	28.950620	30.599770	32.255160	33.837635	35.371645	36.513935	38.330450	40.353220	41.055850	42.573385	43.822830	45.000955	47.063925	48.907570	49.378475	
0.041575	1.630005	3.218265	4.773450	6.457670	8.065715	9.493040	11.460855	12.336560	13.864375	15.809020	17.786270	18.724015	20.440470	22.198285	23.567260	25.833155	27.343290	28.763890	30.325235	31.692380	33.107635	34.026560	43.769515	48.004430	46.608465	41.038445	43.571470	57.585560	48.323535	51.377360	50.045830	49.944600	51.058955	53.415500	
0.043510	1.783005	3.353710	5.156435	6.729120	8.375455	9.963320	11.659090	13.518225	15.082810	19.288790	22.451925	25.234260	21.522690	24.132705	25.220960	27.365715	37.174585	36.176725	32.848900	34.363590	35.466325	37.281490	38.569985	40.392020	41.729980	44.640345	45.390675	57.333210	56.326705	51.201380	52.868420	65.107945	56.908890	58.510595	
0.045085	1.906650	3.729315	5.466990	7.108105	9.070080	13.863665	19.190720	16.864115	19.423250	18.391480	20.124420	25.584565	24.946300	27.103015	26.800060	28.198735	30.201855	32.432055	34.106060	34.813470	36.503070	38.871155	39.925880	41.571340	44.066090	45.170575	47.296550	48.851450	50.281395	55.604205	54.440960	56.949975	58.971555	59.888145	
0.040935	1.998170	3.773580	5.654245	7.483615	9.333475	11.145510	13.265290	14.803435	17.373340	18.634700	21.054315	22.149110	24.022530	26.996495	27.786630	30.023995	31.005840	33.413050	35.426005	36.852335	38.999140	40.813355	44.264305	44.283980	46.366360	47.941770	51.597595	51.637720	53.275525	55.381690	57.947650	58.928525	60.970670	62.254675	
0.040050	2.023120	3.975670	5.866565	7.767675	9.719840	11.655625	13.652170	15.422365	17.401140	19.284355	21.362090	23.318585	25.544330	27.072580	29.605105	37.006445	38.072280	39.706875	38.109945	40.168055	41.569240	43.225415	46.740120	47.756255	49.461530	50.401760	53.178760	54.973890	56.956245	58.537470	60.122670	61.571660	65.538250	66.699130	
0.044090	2.181385	4.344810	6.325875	8.402510	10.752720	12.694240	14.605770	16.934805	18.888205	20.629010	23.025030	25.224875	27.029100	28.865680	31.493085	35.057865	35.417825	40.910435	39.942220	41.365700	43.702885	48.824970	47.989965	49.541940	54.141970	54.454215	56.417555	58.957355	62.127955	62.866925	64.085725	66.898195	68.905225	69.679890	
0.063755	2.284975	4.381580	6.636625	8.937105	10.934755	12.773090	15.529370	17.590815	19.418480	21.618655	23.876405	25.854460	30.687445	36.599200	33.595110	35.348765	37.173915	39.299680	43.849505	43.425965	45.609395	48.334010	49.588760	52.494125	54.783585	57.186005	60.841935	61.880700	64.085605	65.574595	69.749575	71.701745	72.368700	74.263930	
0.041615	2.435965	4.664895	6.956565	9.279310	11.376895	13.757300	16.172255	18.347610	20.863430	23.165835	25.250275	27.612770	30.449345	33.450560	34.667825	39.506540	38.633185	40.982785	43.714420	53.200440	59.384545	50.696670	53.969550	56.874545	65.520390	58.994205	61.978340	63.624340	65.973590	69.249475	69.765610	73.311510	75.005205	77.253095	
0.041550	2.596550	5.232010	7.106215	9.718560	11.915025	14.299030	16.709255	18.923540	21.588635	23.697485	26.152420	28.031640	30.559615	33.262515	35.697455	38.343260	40.173210	43.023460	45.846065	47.999605	50.057345	53.382575	56.566940	56.431740	59.874780	61.681705	64.491460	66.566120	68.562635	71.632100	74.115780	76.188785	80.008880	81.671490	
0.043030	2.554960	5.192840	7.629065	9.828340	12.364610	15.329320	17.611850	20.252460	22.086280	24.496570	26.918235	29.596040	32.742805	35.087500	36.887070	39.325380	42.484325	44.637970	47.280975	50.184400	51.433960	54.894560	61.855265	59.980820	60.997245	64.681310	66.824790	70.873290	72.033590	75.302195	77.041670	82.350205	86.136285	85.920420	
0.041910	2.775255	5.333565	7.812100	10.320865	13.120935	15.380095	17.943130	20.478200	23.571055	30.147445	38.366995	31.492825	33.884260	36.514405	49.613725	43.336380	44.206810	46.259695	49.012315	50.798975	53.703655	57.003440	60.089175	62.802475	63.849570	66.445905	69.378390	72.486930	75.257835	77.472730	95.618330	83.473600	85.001995	89.256065	
0.039955	2.799120	5.517355	8.162165	10.958315	13.590245	16.519300	19.455825	21.753505	24.741705	26.841425	30.386490	32.833810	35.246030	37.696805	40.682985	43.197735	45.174160	47.853085	50.228515	53.293880	55.534135	58.540400	60.775385	64.301350	65.981975	68.608795	73.068060	75.073735	76.875280	79.230270	83.243715	86.212330	88.333590	90.936105	
0.040985	2.821460	5.565505	8.898195	14.181450	17.438140	20.625070	19.784955	22.414750	25.879095	28.673235	30.424925	33.500080	36.174620	39.427970	41.929500	44.433090	47.403585	49.824165	52.337240	54.905655	57.685235	60.360670	63.595165	66.027585	68.876175	71.645360	74.967630	77.442675	80.664050	84.449640	84.902735	87.476045	90.458550	93.090895	
0.041490	2.958330	5.713995	8.638505	11.520195	14.258265	17.327585	20.119565	22.766630	25.668225	28.755100	31.616900	34.136530	36.937870	39.843090	42.585015	45.747935	48.497765	51.359890	53.981490	56.998970	61.022955	62.461120	65.553700	68.312245	71.213780	74.533560	77.396300	81.133135	84.340330	85.318820	89.398225	92.250370	94.072270	97.462490	
0.046115	3.052390	6.166120	8.939515	13.427995	15.109010	18.086820	21.610420	24.179585	26.480945	29.668745	32.811860	35.596725	39.322720	42.413935	44.999630	47.598935	50.671070	53.751545	56.253220	60.352845	63.423660	64.833710	69.062840	72.431825	75.390135	77.002055	79.772395	84.048165	86.326600	89.091195	93.638040	95.973600	98.751880	102.061405	
0.042340	3.291345	6.525115	9.257385	12.644350	15.774275	25.021835	23.446550	28.073460	28.384890	31.675225	33.738195	36.802845	40.281130	43.367745	46.481250	50.130430	52.547305	56.122510	70.305990	63.205135	84.155305	74.355575	70.507830	73.261440	76.542320	79.308495	82.323140	85.825645	88.358090	91.428525	94.406690	97.590515	100.391940	105.064675	
0.097270	3.302625	6.405585	9.655050	12.648685	15.901145	18.892410	22.032085	25.225950	28.791385	31.451205	34.800285	37.738095	40.964890	44.072625	46.982635	50.205245	53.539595	56.808430	60.567950	62.990020	65.917720	69.154610	72.358465	75.382035	78.417080	82.148515	85.752255	88.289210	100.054530	97.268650	97.309150	100.530465	104.117815	107.213785	
0.041975	3.317025	6.594235	9.807625	13.310595	16.350110	19.582830	22.931240	26.078300	29.269725	32.475965	35.806190	38.956235	42.314185	45.532280	49.260185	51.827690	57.830415	58.403950	61.684275	65.047740	68.379915	71.933385	74.684550	78.835280	82.125105	84.195570	88.613770	96.440150	107.036405	97.473000	101.988675	104.886930	130.023870	113.498355	
0.042600	3.596185	7.060390	13.704360	13.675865	17.226675	20.234760	31.181335	27.588010	31.073555	35.023025	37.174765	40.540235	44.144355	47.097420	51.042690	53.648910	58.630905	60.325440	63.598535	66.919940	70.634325	73.615825	78.033535	80.626475	84.232330	87.183325	90.298015	93.570045	96.967595	100.618450	103.515840	107.291010	110.716675	114.096065	
0.040900	3.686520	6.946855	10.854285	13.967005	17.418200	20.929680	24.344475	27.760740	31.166220	34.410720	38.084805	41.466955	44.814380	48.613660	51.703400	55.386270	58.689320	62.079065	65.704940	69.180100	72.379685	76.092190	82.592840	83.008505	86.173515	89.748480	93.519050	96.363620	100.205765	103.567360	107.076910	110.760210	114.402560	120.377220	
